0
15031
26819
32767
31782
23942
11052
-4045
-18026
-27807
-31224
-27499
-17409
-3120
12286
25485
32767
32767
29286
17806
3084
-11639
-23119
-28820
-27466
-19319
-6121
9284
23572
32767
32767
32767
24183
10201
-4898
-17790
-25632
-26680
-20673
-8888
6140
21168
32767
32767
32767
30067
17173
2072
-11912
-21697
-25118
-21397
-11311
2973
18375
31569
32767
32767
32767
23870
9142
-5586
-17072
-22779
-21431
-13290
-98
15301
29582
32767
32767
32767
30166
16177
1071
-11829
-19678
-20734
-14735
-2957
12063
27083
32767
32767
32767
32767
23045
7935
-6058
-15853
-19283
-15571
-5495
8779
24171
32767
32767
32767
32767
29615
14876
137
-11359
-17077
-15740
-7610
5570
20957
32767
32767
32767
32767
32767
21762
6643
-6269
-14131
-15199
-9213
2551
17558
32565
32767
32767
32767
32767
28459
13335
-672
-10481
-13926
-10229
-167
14093
29470
32767
32767
32767
32767
32767
20084
5329
-6183
-11917
-10596
-2482
10682
26053
32767
32767
32767
32767
32767
26757
11621
-1308
-9187
-10273
-4305
7442
22431
32767
32767
32767
32767
32767
32767
18081
4055
-5773
-9236
-5558
4485
18726
32767
32767
32767
32767
32767
32767
24580
9805
-1727
-7481
-6181
1913
15057
30407
32767
32767
32767
32767
32767
30986
15829
2878
-5022
-6130
-183
11542
26510
32767
32767
32767
32767
32767
32767
22005
7956
-1894
-5380
-1724
8296
22513
32767
32767
32767
32767
32767
32767
28205
13407
1851
-3927
-2650
5419
18539
32767
32767
32767
32767
32767
32767
32767
19117
6142
-1783
-2915
3007
14707
29649
32767
32767
32767
32767
32767
32767
24967
10894
1018
-2494
1136
11130
25322
32767
32767
32767
32767
32767
32767
30831
16006
4424
-1380
-130
7913
21006
32767
32767
32767
32767
32767
32767
32767
21370
8367
415
-744
5150
16823
31739
32767
32767
32767
32767
32767
32767
26864
12763
2859
-681
2922
12888
27052
32767
32767
32767
32767
32767
32767
32365
17512
5902
69
1291
9306
22371
32767
32767
32767
32767
32767
32767
32767
22506
9475
1495
306
6173
17817
32703
32767
32767
32767
32767
32767
32767
27627
13497
3565
-4
3570
13507
27642
32767
32767
32767
32767
32767
32767
32752
17870
6231
369
1562
9548
22584
32767
32767
32767
32767
32767
32767
32767
22487
9427
1417
200
6037
17652
32510
32767
32767
32767
32767
32767
32767
27230
13071
3110
-488
3057
12965
27071
32767
32767
32767
32767
32767
32767
31979
17068
5400
-490
674
8631
21638
32767
32767
32767
32767
32767
32767
32767
21312
8224
185
-1060
4748
16335
31164
32767
32767
32767
32767
32767
32767
25687
11500
1510
-2115
1401
11282
25360
32767
32767
32767
32767
32767
32767
30073
15135
3439
-2479
-1342
6588
19567
32767
32767
32767
32767
32767
32767
32767
19024
5908
-2157
-3429
2352
13913
28715
32767
32767
32767
32767
32767
32767
23053
8839
-1177
-4829
-1338
8516
22568
32767
32767
32767
32767
32767
32767
27102
12138
417
-5526
-4414
3490
16444
31606
32767
32767
32767
32767
32767
31049
15703
2563
-5527
-6824
-1066
10470
25248
32767
32767
32767
32767
32767
32767
19420
5182
-4857
-8532
-5064
4767
18796
32767
32767
32767
32767
32767
32767
23170
8185
-3559
-9524
-8435
-552
12380
27520
32767
32767
32767
32767
32767
26834
11467
-1694
-9805
-11123
-5386
6129
20887
32767
32767
32767
32767
32767
30291
14917
660
-9399
-13093
-9646
166
14176
29303
32767
32767
32767
32767
32767
18418
3414
-8348
-14331
-13260
-5396
7519
22641
32767
32767
32767
32767
32767
21851
6466
-6712
-14840
-16174
-10454
1045
15786
30527
32767
32767
32767
32767
25094
9704
-4568
-14642
-18352
-14919
-5123
8872
23985
32767
32767
32767
32767
28032
13014
-2004
-13780
-19777
-18720
-10869
2032
17141
31132
32767
32767
32767
30554
16274
877
-12313
-20453
-21799
-16091
-4604
10126
24855
32767
32767
32767
32559
19367
3966
-10316
-20401
-24121
-20699
-10912
3073
18175
31070
32767
32767
32767
22175
7148
-7879
-19663
-25669
-24620
-16778
-3885
11216
25198
32767
32767
32767
24590
10303
-5102
-18299
-26445
-27798
-22097
-10616
4107
18830
30310
32767
32767
26510
13312
-2094
-16382
-26472
-30197
-26780
-16998
-3017
12081
24971
32767
32767
27848
16060
1029
-14001
-25789
-31798
-30752
-22913
-10023
5075
19055
28836
32253
28527
18437
4148
-11258
-24457
-32605
-32768
-28259
-16780
-2058
12665
24144
29845
28491
20343
7145
-8261
-22549
-32639
-32768
-32768
-23163
-9182
5917
18808
26649
27697
21689
9903
-5126
-20155
-31941
-32768
-32768
-29058
-16165
-1065
12918
22703
26123
22400
12313
-1972
-17374
-30570
-32768
-32768
-32768
-22876
-8149
6578
18062
23768
22418
14276
1083
-14317
-28600
-32768
-32768
-32768
-29190
-15203
-98
12800
20648
21702
15701
3922
-11100
-26121
-32768
-32768
-32768
-32768
-22093
-6985
7007
16800
20228
16514
6436
-7840
-23234
-32768
-32768
-32768
-32768
-28688
-13952
785
12279
17995
16656
8524
-4659
-20048
-32768
-32768
-32768
-32768
-32768
-20867
-5750
7159
15019
16085
10096
-1671
-16680
-31689
-32768
-32768
-32768
-32768
-27597
-12475
1529
11335
14778
11077
1013
-13250
-28629
-32768
-32768
-32768
-32768
-32768
-19261
-4509
7000
12731
11407
3291
-9876
-25250
-32768
-32768
-32768
-32768
-32768
-25973
-10840
2086
9961
11044
5073
-6677
-21670
-32768
-32768
-32768
-32768
-32768
-32482
-17343
-3320
6504
9964
6282
-3764
-18008
-32768
-32768
-32768
-32768
-32768
-32768
-23887
-9116
2413
8163
6859
-1238
-14386
-29740
-32768
-32768
-32768
-32768
-32768
-30341
-15188
-2241
5656
6759
809
-10921
-25892
-32768
-32768
-32768
-32768
-32768
-32768
-21414
-7370
2476
5959
2299
-7725
-21947
-32768
-32768
-32768
-32768
-32768
-32768
-27667
-12873
-1321
4452
3171
-4902
-18026
-32768
-32768
-32768
-32768
-32768
-32768
-32768
-18638
-5667
2253
3381
-2545
-14250
-29197
-32768
-32768
-32768
-32768
-32768
-32768
-24545
-10476
-604
2903
-732
-10730
-24926
-32768
-32768
-32768
-32768
-32768
-32768
-30467
-15647
-4069
1730
475
-7572
-20670
-32768
-32768
-32768
-32768
-32768
-32768
-32768
-21070
-8072
-125
1030
-4869
-16547
-31467
-32768
-32768
-32768
-32768
-32768
-32768
-26625
-12529
-2630
905
-2702
-12673
-26842
-32768
-32768
-32768
-32768
-32768
-32768
-32188
-17340
-5734
93
-1133
-9153
-22222
-32768
-32768
-32768
-32768
-32768
-32768
-32768
-22396
-9370
-1394
-211
-6082
-17731
-32623
-32768
-32768
-32768
-32768
-32768
-32768
-27580
-13455
-3527
36
-3542
-13484
-27624
-32768
-32768
-32768
-32768
-32768
-32768
-32768
-17891
-6257
-400
-1598
-9588
-22629
-32768
-32768
-32768
-32768
-32768
-32768
-32768
-22571
-9516
-1511
-298
-6140
-17760
-32623
-32768
-32768
-32768
-32768
-32768
-32768
-27377
-13223
-3266
327
-3222
-13136
-27247
-32768
-32768
-32768
-32768
-32768
-32768
-32188
-17282
-5618
267
-902
-8864
-21875
-32768
-32768
-32768
-32768
-32768
-32768
-32768
-21587
-8503
-469
772
-5042
-16633
-31467
-32768
-32768
-32768
-32768
-32768
-32768
-26022
-11839
-1854
1767
-1754
-11639
-25722
-32768
-32768
-32768
-32768
-32768
-32768
-30467
-15533
-3842
2071
930
-7004
-19988
-32768
-32768
-32768
-32768
-32768
-32768
-32768
-19480
-6368
1693
2961
-2826
-14390
-29197
-32768
-32768
-32768
-32768
-32768
-32768
-23564
-9355
657
4305
810
-9048
-23105
-32768
-32768
-32768
-32768
-32768
-32768
-27667
-12708
-990
4949
3833
-4075
-17034
-32199
-32768
-32768
-32768
-32768
-32768
-31666
-16323
-3187
4898
6191
430
-11110
-25892
-32768
-32768
-32768
-32768
-32768
-32768
-20089
-5856
4180
7851
4380
-5455
-19488
-32768
-32768
-32768
-32768
-32768
-32768
-23887
-8905
2835
8797
7704
-181
-13117
-28260
-32768
-32768
-32768
-32768
-32768
-27595
-12230
928
9035
10349
4609
-6909
-21670
-32768
-32768
-32768
-32768
-32768
-31092
-15721
-1468
8588
12280
8829
-985
-14998
-30128
-32768
-32768
-32768
-32768
-32768
-19261
-4259
7500
13481
12407
4540
-8378
-23502
-32768
-32768
-32768
-32768
-32768
-22727
-7345
5830
13955
15287
9565
-1937
-16680
-31424
-32768
-32768
-32768
-32768
-26002
-10615
3655
13727
17435
14000
4201
-9796
-24910
-32768
-32768
-32768
-32768
-28968
-13952
1064
12838
18833
17774
9921
-2982
-18093
-32085
-32768
-32768
-32768
-31514
-17237
-1841
11347
19485
20830
15120
3631
-11100
-25831
-32768
-32768
-32768
-32768
-20350
-4951
9331
19414
23133
19709
9921
-4065
-19169
-32065
-32768
-32768
-32768
-23175
-8149
6877
18660
24665
23615
15771
2877
-12224
-26208
-32768
-32768
-32768
-25603
-11317
4087
17283
25429
26782
21079
9598
-5126
-19850
-31331
-32768
-32768
-27533
-14335
1070
15358
25447
29172
25754
15972
1991
-13107
-25998
-32768
-32768
-28876
-17088
-2058
12973
24761
30770
29723
21884
8994
-6104
-20084
-29866
-32768
-29557
-19466
-5178
10229
23428
31576
32767
27230
15751
1029
-13693
-25172
-30872
-29518
-21370
-8171
7235
21524
31613
32767
31921
22139
8159
-6940
-19831
-27671
-28718
-22710
-10923
4107
19136
30923
32767
32767
28042
15150
51
-13931
-23715
-27134
-23411
-13323
963
16367
29563
32767
32767
32767
21874
7148
-7578
-19061
-24765
-23415
-15271
-2077
13325
27609
32767
32767
32767
28205
14219
-885
-13782
-21628
-22680
-16678
-4897
10126
25149
32767
32767
32767
32767
21129
6022
-7967
-17758
-21185
-17470
-7390
6889
22284
32767
32767
32767
32767
27748
13014
-1721
-13213
-18927
-17586
-9452
3733
19125
32767
32767
32767
32767
32767
19957
4842
-8065
-15922
-16986
-10995
774
15786
30798
32767
32767
32767
32767
26717
11599
-2403
-12207
-15647
-11944
-1877
12388
27771
32767
32767
32767
32767
32767
18418
3669
-7837
-13565
-12238
-4119
9051
24428
32767
32767
32767
32767
32767
25169
10039
-2884
-10757
-11836
-5862
5892
20887
32767
32767
32767
32767
32767
31718
16582
2563
-7258
-10715
-7029
3020
17268
32632
32767
32767
32767
32767
32767
23170
8403
-3122
-8869
-7561
539
13690
29048
32767
32767
32767
32767
32767
29672
14522
1579
-6314
-7414
-1460
10273
25248
32767
32767
32767
32767
32767
32767
20797
6757
-3085
-6564
-2900
7128
21354
32767
32767
32767
32767
32767
32767
27102
12312
764
-5005
-3720
4358
17486
32767
32767
32767
32767
32767
32767
32767
18131
5164
-2752
-3876
2055
13764
28715
32767
32767
32767
32767
32767
32767
24094
10029
162
-3341
298
10301
24501
32767
32767
32767
32767
32767
32767
30073
15258
3684
-2111
-851
7201
20303
32767
32767
32767
32767
32767
32767
32767
20740
7747
-196
-1347
4558
16240
31164
32767
32767
32767
32767
32767
32767
26355
12263
2369
-1161
2451
12426
26600
32767
32767
32767
32767
32767
32767
31979
17136
5535
-288
944
8968
22042
32767
32767
32767
32767
32767
32767
32767
22255
9233
1262
84
5960
17614
32510
32767
32767
32767
32767
32767
32767
27501
13381
3458
-101
3482
13429
27574
32767
32767
32767
32767
32767
32767
32752
17880
6250
399
1601
9597
22642
32767
32767
32767
32767
32767
32767
32767
22623
9572
1572
365
6211
17836
32703
32767
32767
32767
32767
32767
32767
27492
13342
3390
-198
3356
13274
27390
32767
32767
32767
32767
32767
32767
32365
17464
5805
-76
1098
9064
22081
32767
32767
32767
32767
32767
32767
32767
21830
8751
722
-514
5304
16900
31739
32767
32767
32767
32767
32767
32767
26326
12148
2168
-1449
2077
11967
26054
32767
32767
32767
32767
32767
32767
30831
15902
4215
-1694
-548
7390
20379
32767
32767
32767
32767
32767
32767
32767
19906
6799
-1257
-2521
3270
14838
29649
32767
32767
32767
32767
32767
32767
24047
9842
-165
-3809
-310
9553
23614
32767
32767
32767
32767
32767
32767
28205
13250
1536
-4398
-3279
4634
17596
32765
32767
32767
32767
32767
32767
32257
16918
3786
-4296
-5585
180
11724
26510
32767
32767
32767
32767
32767
32767
20734
6505
-3527
-7195
-3720
6118
20155
32767
32767
32767
32767
32767
32767
24580
9601
-2136
-8094
-6997
892
13831
28978
32767
32767
32767
32767
32767
28333
12972
-183
-8287
-9598
-3855
7667
22431
32767
32767
32767
32767
32767
31873
16505
2254
-7798
-11487
-8033
1785
15801
30934
32767
32767
32767
32767
32767
20084
5085
-6671
-12649
-11572
-3702
9218
24345
32767
32767
32767
32767
32767
23587
8207
-4966
-13088
-14417
-8692
2812
17558
32304
32767
32767
32767
32767
26895
11510
-2758
-12827
-16533
-13096
-3294
10705
25822
32767
32767
32767
32767
29890
14876
-138
-11909
-17902
-16841
-8986
3919
19031
32767
32767
32767
32767
32463
18187
2793
-10393
-18529
-19872
-14161
-2670
12063
26795
32767
32767
32767
32767
21322
5925
-8355
-18436
-22154
-18729
-8939
5049
20154
32767
32767
32767
32767
24167
9142
-5883
-17665
-23668
-22617
-14772
-1877
13225
27210
32767
32767
32767
26609
12324
-3078
-16274
-24419
-25770
-20067
-8585
6140
20865
32346
32767
32767
28551
15354
-51
-14338
-24427
-28151
-24732
-14949
-968
14131
27022
32767
32767
29901
18114
3084
-11946
-23734
-29742
-28696
-20856
-7966
7132
21113
30894
32767
30586
20496
6207
-9199
-22398
-30547
-31901
-26201
-14722
