0
7515
13409
16414
15891
11971
5526
-2023
-9013
-13904
-15612
-13749
-8704
-1560
6143
12742
16816
17493
14643
8903
1542
-5819
-11559
-14410
-13733
-9660
-3061
4642
11786
16830
18693
16983
12092
5101
-2449
-8895
-12816
-13340
-10337
-4444
3070
10584
16477
19480
18955
15034
8587
1036
-5956
-10849
-12559
-10698
-5656
1487
9187
15784
19856
20530
17677
11935
4571
-2793
-8536
-11389
-10715
-6645
-49
7650
14791
19832
21691
19978
15083
8089
535
-5914
-9839
-10367
-7367
-1479
6031
13541
19430
22428
21900
17974
11523
3967
-3029
-7926
-9642
-7786
-2748
4390
12085
18677
22744
23413
20555
14807
7438
69
-5680
-8538
-7870
-3805
2785
10479
17613
22649
24502
22783
17882
10881
3321
-3135
-7065
-7600
-4607
1276
8779
16282
22164
25156
24620
20688
14229
6667
-336
-5241
-6963
-5114
-83
7046
14735
21319
25378
26040
23174
17419
10042
2665
-3092
-5958
-5298
-1241
5341
13026
20153
25180
27025
25297
20388
13379
5811
-654
-4594
-5137
-2152
3721
11216
18710
24583
27566
27021
23079
16612
9040
2028
-2886
-4618
-2779
2242
9363
17042
23616
27666
28318
25442
19677
12290
4903
-864
-3741
-3090
956
7528
15204
22320
27336
29171
27433
22513
15493
7914
1439
-2511
-3065
-91
5771
13255
20738
26600
29572
29016
25063
18585
11002
3978
-947
-2690
-862
4148
11257
18924
25487
29525
30165
27278
21501
14102
6703
925
-1963
-1325
2710
9270
16933
24037
29042
30864
29114
24182
17150
9559
3071
-892
-1458
1503
7353
14825
22296
28145
31104
30536
26570
20079
12484
5447
509
-1247
568
5565
12661
20315
26866
30890
31518
28617
22827
15415
8003
2212
-690
-65
3957
10503
18153
25244
30235
32044
30280
25335
18289
10685
4184
208
-372
2575
8412
15869
23326
29162
32108
31525
27546
21041
13432
6381
1430
-340
1461
6444
13526
21166
27703
31713
32327
29412
23608
16182
8756
2951
35
646
4653
11185
18821
25898
30875
32669
30892
25932
18872
11253
4738
747
153
3086
8908
16352
23795
29616
32547
31950
27957
21437
13814
6749
1782
-2
1785
6753
13821
21447
27969
31965
32564
29635
23816
16376
8935
3115
185
781
4774
11292
18913
25975
30938
32717
30926
25951
18877
11243
4713
709
100
3019
8826
16255
23683
29490
32406
31795
27787
21253
13615
6536
1555
-244
1528
6482
13536
21147
27654
31636
32221
29277
23444
15989
8534
2700
-245
337
4316
10819
18426
25474
30422
32187
30381
25392
18304
10656
4112
93
-530
2374
8168
15582
22996
28789
31691
31066
27044
20496
12844
5750
755
-1058
701
5641
12680
20277
26771
30739
31309
28352
22505
15036
7567
1720
-1239
-671
3294
9784
17377
24411
29345
31097
29277
24275
17173
9512
2954
-1078
-1715
1176
6956
14357
21758
27537
30427
29788
25753
19191
11526
4419
-588
-2414
-669
4258
11284
18869
25349
29304
29862
26892
21032
13551
6069
209
-2763
-2207
1745
8222
15803
22824
27746
29486
27654
22639
15525
7851
1281
-2763
-3412
-533
5235
12624
20013
25780
28657
28007
23960
17387
9710
2591
-2428
-4266
-2532
2383
9398
16971
23440
27384
27930
24949
19078
11585
4092
-1779
-4762
-4217
-276
6190
13760
20771
25682
27411
25568
20542
13417
5733
-847
-4902
-5561
-2693
3065
10444
17822
23579
26446
25786
21728
15145
7458
330
-4699
-6547
-4823
83
7088
14652
21111
25045
25582
22591
16711
9209
1707
-4174
-7166
-6630
-2698
3759
11320
18322
23225
24945
23093
18059
10925
3233
-3356
-7420
-8087
-5227
522
7893
15263
21012
23872
23203
19138
12547
4852
-2284
-7321
-9176
-7460
-2561
4436
11992
18445
22371
22901
19903
14016
6507
-1002
-6890
-9889
-9360
-5434
1016
8570
15566
20462
22175
20317
15277
8137
438
-6157
-10226
-10900
-8045
-2302
5063
12428
18171
21024
20350
16280
9683
1983
-5158
-10201
-12061
-10349
-5456
1536
9088
15535
19457
19982
16980
11088
3574
-3940
-9832
-12835
-12310
-8389
-1942
5608
12599
17491
19201
17339
12295
5151
-2551
-9149
-13223
-13899
-11048
-5308
2053
9415
15155
18006
17329
13255
6656
-1047
-8191
-13236
-15099
-13390
-8499
-1509
6040
12486
16405
16928
13924
8030
515
-7001
-12895
-15899
-15376
-11457
-5011
2537
9527
14418
16127
14264
9219
2074
-5629
-12228
-16302
-16980
-14130
-8390
-1029
6332
12072
14922
14245
10172
3572
-4131
-11275
-16319
-18182
-16473
-11582
-4591
2958
9404
13325
13848
10845
4951
-2563
-10077
-15970
-18974
-18450
-14529
-8082
-532
6459
11351
13062
11200
6157
-986
-8687
-15285
-19357
-20032
-17180
-11438
-4075
3289
9031
11884
11209
7138
541
-7159
-14300
-19342
-21202
-19490
-14595
-7601
-49
6400
10324
10851
7851
1961
-5550
-13061
-18950
-21950
-21422
-17497
-11046
-3492
3503
8400
10114
8257
3218
-3920
-11617
-18210
-22277
-22948
-20091
-14344
-6976
392
6140
8997
8328
4262
-2329
-10024
-17160
-22196
-24051
-22333
-17433
-10434
-2875
3580
7509
8042
5048
-835
-8340
-15845
-21728
-24721
-24187
-20255
-13798
-6238
765
5668
7389
5539
506
-6625
-14315
-20901
-24961
-25624
-22760
-17006
-9630
-2254
3500
6366
5704
1645
-4938
-12625
-19753
-24782
-26628
-24902
-19994
-12987
-5420
1043
4981
5522
2536
-3339
-10835
-18331
-24205
-27190
-26647
-22707
-16241
-8671
-1660
3252
4982
3141
-1882
-9004
-16685
-23261
-27312
-27966
-25092
-19329
-11943
-4558
1206
4082
3429
-619
-7193
-14870
-21988
-27006
-28842
-27107
-22188
-15171
-7594
-1120
2828
3380
404
-5460
-12946
-20431
-26295
-29269
-28715
-24764
-18288
-10707
-3685
1238
2979
1149
-3862
-10973
-18643
-25208
-29248
-29890
-27005
-21230
-13833
-6437
-661
2226
1586
-2451
-9013
-16679
-23785
-28791
-30616
-28868
-23938
-16908
-9319
-2834
1127
1691
-1273
-7125
-14598
-22071
-27923
-30884
-30318
-26355
-19866
-12273
-5238
-302
1452
-366
-5365
-12463
-20120
-26672
-30699
-31329
-28431
-22643
-15233
-7824
-2035
865
238
-3786
-10335
-17987
-25080
-30074
-31885
-30124
-25180
-18137
-10535
-4036
-62
515
-2435
-8274
-15733
-23193
-29031
-31979
-31399
-27422
-20919
-13313
-6264
-1315
453
-1351
-6336
-13421
-21064
-27602
-31615
-32231
-29319
-23517
-16094
-8670
-2867
47
-567
-4576
-11111
-18749
-25828
-30808
-32605
-30829
-25872
-18815
-11198
-4685
-697
-106
-3041
-8866
-16311
-23757
-29580
-32514
-31920
-27928
-21411
-13790
-6728
-1764
18
-1771
-6742
-13812
-21440
-27965
-31963
-32565
-29638
-23822
-16384
-8946
-3128
-200
-799
-4794
-11315
-18938
-26003
-30968
-32750
-30960
-25988
-18916
-11285
-4758
-755
-149
-3070
-8880
-16311
-23742
-29551
-32470
-31861
-27856
-21324
-13689
-6611
-1633
163
-1611
-6568
-13623
-21237
-27747
-31731
-32318
-29377
-23546
-16094
-8641
-2809
134
-451
-4432
-10938
-18547
-25597
-30547
-32315
-30511
-25525
-18439
-10793
-4252
-235
386
-2521
-8317
-15733
-23150
-28945
-31850
-31227
-27207
-20661
-13011
-5920
-927
883
-877
-5820
-12861
-20461
-26957
-30927
-31499
-28545
-22700
-15233
-7767
-1921
1036
465
-3502
-9994
-17589
-24626
-29562
-31316
-29499
-24498
-17399
-9740
-3184
846
1480
-1413
-7195
-14598
-22001
-27782
-30674
-30038
-26004
-19445
-11782
-4677
328
2152
405
-4524
-11552
-19139
-25622
-29579
-30138
-27171
-21313
-13833
-6354
-495
2474
1917
-2038
-8517
-16099
-23123
-28047
-29789
-27958
-22945
-15833
-8162
-1594
2449
3096
215
-5555
-12946
-20337
-26106
-28985
-28336
-24291
-17720
-10045
-2928
2090
3926
2190
-2727
-9744
-17319
-23790
-27735
-28283
-25304
-19434
-11943
-4452
1418
4399
3852
-91
-6559
-14130
-21142
-26055
-27786
-25945
-20921
-13797
-6115
464
4517
5175
2305
-3455
-10835
-18215
-23974
-26842
-26183
-22128
-15546
-7861
-734
4294
6140
4415
-493
-7499
-15064
-21525
-25461
-25999
-23010
-17131
-9630
-2130
3750
6740
6203
2270
-4189
-11751
-18754
-23658
-25379
-23529
-18496
-11364
-3673
2915
6978
7644
4782
-968
-8340
-15712
-21462
-24322
-23655
-19591
-13001
-5307
1828
6864
8717
7000
2101
-4898
-12455
-18909
-22836
-23367
-20370
-14484
-6976
532
6419
9417
8887
4960
-1491
-9046
-16043
-20939
-22654
-20797
-15757
-8618
-921
5674
9743
10415
7560
1816
-5550
-12915
-18659
-21514
-20840
-16770
-10175
-2475
4665
9707
11566
9855
4961
-2033
-9584
-16033
-19955
-20481
-17479
-11587
-4075
3438
9330
12332
11807
7886
1439
-6112
-13104
-17996
-19706
-17845
-12801
-5658
2043
8642
12715
13391
10540
4799
-2563
-9925
-15665
-18516
-17840
-13766
-7167
535
7679
12724
14586
12877
7986
996
-6554
-12999
-16919
-17442
-14438
-8544
-1029
6486
12380
15385
14862
10942
4497
-3052
-10042
-14933
-16641
-14778
-9733
-2589
5114
11714
15788
16465
13615
7876
515
-6846
-12586
-15436
-14759
-10685
-4086
3617
10762
15807
17669
15961
11070
4079
-3470
-9915
-13835
-14359
-11355
-5461
2053
9568
15461
18465
17942
14021
7575
25
-6966
-11857
-13567
-11705
-6661
482
8184
14782
18854
19530
16678
10937
3574
-3789
-9530
-12383
-11707
-7635
-1038
6662
13804
18847
20707
18996
14102
7109
-443
-6891
-10814
-11340
-8339
-2449
5063
12574
18464
21465
20938
17014
10564
3011
-3984
-8879
-10593
-8735
-3695
3444
11142
17736
21804
22476
19620
13874
6507
-861
-6607
-9463
-8793
-4726
1866
9562
16699
21737
23592
21875
16977
9978
2421
-4033
-7961
-8493
-5498
387
7893
15399
21283
24278
23744
19814
13359
5799
-1202
-6104
-7823
-5972
-938
6194
13885
20473
24534
25199
22336
16583
9209
1835
-3918
-6782
-6119
-2059
4526
12214
19344
24374
26221
24497
19591
12585
5020
-1442
-5378
-5918
-2931
2946
10444
17941
23817
26803
26262
22323
15859
8291
1282
-3629
-5357
-3515
1510
8634
16316
22894
26947
27603
24730
18969
11585
4202
-1561
-4434
-3781
270
6845
14524
21644
26664
28502
26768
21852
14836
7261
789
-3157
-3707
-730
5137
12624
20111
25977
28953
28401
24452
17977
10399
3378
-1543
-3282
-1450
3564
10677
18348
24915
28957
29602
26718
20946
13551
6156
382
-2503
-1860
2179
8743
16410
23519
28527
30354
28608
23680
16652
9066
2582
-1376
-1938
1027
6882
14357
21833
27686
30650
30086
26125
19638
12047
5014
81
-1671
149
5150
12251
19909
26464
30493
31125
28229
22444
15036
7629
1842
-1055
-426
3600
10152
17806
24901
29897
31710
29952
25010
17970
10370
3873
-98
-673
2279
8120
15582
23044
28884
31834
31257
27282
20782
13178
6132
1185
-581
1225
6213
13300
20945
27486
31501
32120
29210
23411
15989
8568
2767
-144
472
4484
11021
18662
25743
30725
32524
30751
25796
18741
11127
4617
631
42
2980
8807
16255
23702
29528
32464
31873
27884
21369
13751
6690
1729
-51
1741
6715
13787
21418
27944
31945
32549
29625
23811
16376
8940
3125
199
801
4798
11321
18947
26014
30981
32766
30979
26009
18940
11311
4786
786
182
3106
8918
16352
23785
29596
32518
31911
27908
21379
13746
6671
1695
-99
1678
6637
13695
21311
27823
31810
32399
29461
23632
16182
8732
2902
-38
549
4532
11040
18652
25704
30657
32428
30626
25642
18558
10915
4376
361
-257
2652
8450
15869
23288
29085
31992
31372
27354
20811
13163
6074
1084
-724
1039
5983
13027
20629
27127
31099
31675
28722
22880
15415
7951
2107
-847
-274
3695
10189
17787
24826
29764
31521
29705
24707
17610
9953
3400
-629
-1260
1635
7419
14825
22230
28013
30907
30273
26241
19684
12024
4921
-83
-1904
-155
4776
11807
19395
25880
29839
30401
27435
21580
14102
6625
768
-2199
-1639
2317
8798
16383
23408
28334
30078
28250
23239
16128
8459
1893
-2148
-2793
90
5862
13255
20648
26419
29300
28653
24610
18040
10367
3252
-1764
-3597
-1860
3059
10077
17654
24127
28074
28624
25646
19779
12290
4800
-1068
-4047
-3499
446
6916
14489
21503
26418
28150
26310
21288
14166
6486
-91
-4143
-4799
-1927
3834
11216
18597
24357
27228
26571
22516
15936
8253
1127
-3899
-5743
-4017
892
7900
15467
21929
25866
26406
23418
17541
10042
2543
-3336
-6324
-5786
-1851
4609
12172
19177
24082
25805
23956
18924
11793
4104
-2483
-6544
-7209
-4346
1406
8779
16152
21903
24765
24099
20036
13447
5755
-1379
-6414
-8266
-6548
-1647
5353
12911
19365
23294
23826
20830
14945
7438
-69
-5955
-8951
-8420
-4493
1960
9516
16513
21411
23126
21270
16231
9094
1397
-5197
-9265
-9936
-7080
-1335
6031
13398
19142
21998
21325
17256
10661
2963
-4177
-9218
-11077
-9364
-4470
2524
10077
16526
20449
20975
17974
12083
4571
-2941
-8832
-11834
-11308
-7386
-939
6613
13605
18498
20209
18348
13305
6162
-1539
-8137
-12209
-12885
-10033
-4292
3070
10432
16173
19025
18348
14275
7677
-25
-7169
-12213
-14075
-12366
-7475
-484
7065
13511
17431
17955
14950
9057
1542
-5973
-11867
-14871
-14348
-10428
-3983
3566
10556
15447
17156
15293
10248
3103
-4600
-11199
-15273
-15951
-13101
-7361
